SceneVariables {
    ["camera"] = PerspectiveCamera("primaryCamera"),
    ["layer"] = Layer("defaultLayer"),
    ["image_width"] = 2115,
    ["image_height"] = 1370,
    ["enable_motion_blur"] = false,
    ["log_debug"] = true,
    ["log_info"] = true,
}

GeometrySet("allGeometry") {
}

Layer("defaultLayer") {
}

SphereLight("/scene/O_0x7f0f05dd9908") {
    ["node_xform"] = blur(Mat4(-0.29086464643478394, 0.95517116785049438, -0.055189058184623718, 0, -0.77110081911087036, -0.1998833566904068, 0.60452473163604736, 0, 0.56639319658279419, 0.21839119493961334, 0.79467225074768066, 0, 4.0762453079223633, 1.0054539442062378, 5.9038619995117188, 1), Mat4(-0.29086464643478394, 0.95517116785049438, -0.055189058184623718, 0, -0.77110081911087036, -0.1998833566904068, 0.60452473163604736, 0, 0.56639319658279419, 0.21839119493961334, 0.79467225074768066, 0, 4.0762453079223633, 1.0054539442062378, 5.9038619995117188, 1)),
    ["intensity"] = 318.309875,
    ["radius"] = 0.100000001,
}

EnvLight("/scene/World") {
    ["node_xform"] = blur(Mat4(2.2204460492503131e-16, 1, 0, 0, -2.2204460492503131e-16, 4.9303806576313238e-32, 1, 0, 1, -2.2204460492503131e-16, 2.2204460492503131e-16, 0, 0, 0, 0, 1), Mat4(2.2204460492503131e-16, 1, 0, 0, -2.2204460492503131e-16, 4.9303806576313238e-32, 1, 0, 1, -2.2204460492503131e-16, 2.2204460492503131e-16, 0, 0, 0, 0, 1)),
    ["color"] = Rgb(0.0508760884, 0.0508760884, 0.0508760884),
    ["exposure"] = 1,
    ["texture"] = "/tmp/blender_lXnNKn/usd/image_cache/color_121212.hdr",
}

PerspectiveCamera("/freeCamera/camera") {
    ["node_xform"] = blur(Mat4(0.40403029918667471, 0.91474557884918217, -1.1775932195386779e-07, 0, -0.40777427490118062, 0.18010828996173125, 0.8951430821803974, -0, 0.81882822558349877, -0.36166486324543717, 0.4457789227090328, 0, 14.727905243636608, -6.5051077495965268, 8.0180305565193866, 0.99999999999999978), Mat4(0.40403029918667471, 0.91474557884918217, -1.1775932195386779e-07, 0, -0.40777427490118062, 0.18010828996173125, 0.8951430821803974, -0, 0.81882822558349877, -0.36166486324543717, 0.4457789227090328, 0, 14.727905243636608, -6.5051077495965268, 8.0180305565193866, 0.99999999999999978)),
    ["near"] = 0.00999999978,
    ["far"] = 1000,
    ["focal"] = blur(50, 50),
    ["film_width_aperture"] = 72,
}

PerspectiveCamera("primaryCamera") {
    ["node_xform"] = blur(Mat4(0.40403029918667471, 0.91474557884918217, -1.1775932195386779e-07, 0, -0.40777427490118062, 0.18010828996173125, 0.8951430821803974, -0, 0.81882822558349877, -0.36166486324543717, 0.4457789227090328, 0, 14.727905243636608, -6.5051077495965268, 8.0180305565193866, 0.99999999999999978), Mat4(0.40403029918667471, 0.91474557884918217, -1.1775932195386779e-07, 0, -0.40777427490118062, 0.18010828996173125, 0.8951430821803974, -0, 0.81882822558349877, -0.36166486324543717, 0.4457789227090328, 0, 14.727905243636608, -6.5051077495965268, 8.0180305565193866, 0.99999999999999978)),
    ["near"] = 0.00999999978,
    ["far"] = 1000,
    ["focal"] = blur(50, 50),
    ["film_width_aperture"] = 72,
}
